831
1390
46234
62928
62977
66692
76114
99598
107806
114615
134676
176299
187272
190650
192222
195099
198804
203907
204669
204722
204722
205913
206672
208596
212042
216591
222523
224308
224324
224325
224911
224914
224915
226186
226900
232721
234267
234826
240015
240292
243159
246194
261317
262698
264201
266265
269482
269483
271848
272123
272557
272558
272559
272560
279010
279010
281309
283165
283166
288000
288681
290340
290397
290399
290434
291272
295405
306263
311402
311403
314724
315730
315749
315750
320372
320373
320483
322098
322710
326423
326426
329726
330214
331104
331271
331272
334406
335659
335992
339670
339671
340100
345219
347495
349163
349741
350688
351607
351627
354242
357348
358220
358681
359391
360095
360104
360105
360106
360107
360109
361100
366602
367737
367928
372461
374463
374847
380394
380703
382245
387662
388413
390236
391038
391904
391904
393595
395019
395019
395963
397945
397948
398511
398527
398577
400667
401473
404589
405416
405531
405532
405534
405535
406425
407148
412418
412419
412694
412965
413404
416269
416344
429009
430066
434271
435590
436717
438753
439292
439481
441768
442563
443218
444178
444179
445985
445987
446462
446465
447217
452863
455488
470137
471853
477974
479433
480119
483179
484020
488538
491915
497978
509173
509190
511051
511995
512565
515622
520461
521007
521095
521097
521098
521460
522306
525909
525919
526224
527021
529120
535289
537021
537457
541229
545693
546272
551115
552531
555970
557600
561501
563178
565034
565040
565042
565050
567106
568206
568707
568815
568816
572264
572477
572480
572546
572547
573065
573234
573236
574087
574556
580050
590998
591001
592021
592022
595499
596153
596154
600809
608506
626418
632292
632335
632348
632516
632518
633149
634176
637380
640510
640511
640512
641892
643561
644284
645464
645657
649639
655816
657309
658172
666510
667015
668336
671143
673860
679935
692420
693661
693979
694569
696125
696127
696748
696749
698758
702459
703352
703613
706194
713600
713601
713602
713603
713604
713604
714359
715451
717959
718271
720555
722911
742729
743299
746697
748247
749927
754507
757425
759350
759914
762376
768494
768670
859654
860228
861208
861360
862719
862908
862962
866536
866775
866777
871271
871585
882378
883062
884204
890402
891398
891968
903503
926550
926569
926570
930169
930170
930171
931626
933801
936156
941639
941967
944546
944547
981222
998088
999541
999891
1002672
1004785
1004786
1004787
1004788
1005057
1005090
1006007
1006007
1009846
1029718
1029825
1034836
1035817
1036672
1037409
1041504
1041809
1042403
1042417
1045858
1048834
1052585
1052588
1053648
1056495
1064539
1069642
1072467
1074889
1075106
1075399
1081646
1097668
1100841
1104320
1104321
1105111
1112912
1118963
1126211
1127744
1133568
1133592
1147128
1155096
1155777
1161918
1168290
1170562
1186051
1192196
1193729
1201032
1202538
1206109
1206109
1208658
1208660
1211776
1212765
1217737
1218175
1220533
1225179
1225788
1229205
1229785
1229908
1229909
1234596
1234679
1237085
1239881
1239934
1240471
813
813
882
883
13035
31964
41431
43989
56107
59374
59374
65393
96561
138119
159087
167879
177437
177439
194439
195102
195103
196164
196627
196627
198628
199310
203119
205920
207559
212717
215689
216389
216432
216592
218497
226185
227377
227941
243161
243230
243365
246195
251229
254945
254945
255470
262543
264202
266264
266779
269484
269798
272561
272562
272563
272564
289380
290315
290317
290318
290338
290339
290398
290402
292563
292564
302409
306537
309798
309799
311424
314225
315277
316401
319225
319795
324602
326424
326427
331111
331112
331635
331636
331636
331678
333849
334413
340177
340322
349161
351581
357809
360911
362663
364106
376686
381764
385025
386415
391774
393011
395961
395962
398578
398580
399742
401614
402612
405955
406984
409438
413997
431943
431946
434922
434923
434924
439235
439855
441770
441771
441772
441952
443906
445932
446466
469008
469008
469378
469383
471472
471473
471854
474186
479437
480224
481805
484022
485915
485916
485918
490899
497965
498211
498213
498214
498217
499177
502558
504474
508765
508767
515619
515620
515621
515635
517417
517418
522772
525146
525897
526222
531844
536056
536056
536232
544404
546269
546414
548476
550540
552811
561229
565655
566546
566546
573059
573061
573370
573569
574521
577650
579405
580047
580047
580049
583346
583355
585034
585035
585054
585055
585056
585397
589865
589924
590409
595495
595495
595496
596777
610130
633145
634464
634499
634500
634503
637887
637910
639282
640081
640513
641491
642492
643562
644282
644651
645127
645462
645463
646529
653733
655817
657310
662755
663278
665029
672161
676032
679896
681645
685038
688245
688270
690850
693216
693977
696281
696406
698962
698963
698964
698965
698966
698967
698968
698969
698970
698971
698972
698973
699246
700015
701177
701347
706587
707183
707184
707185
707186
707187
709986
714962
716540
716541
717961
717962
718219
718251
718252
741093
742013
745776
748727
751585
755178
755731
755732
756499
758678
759363
759364
760568
765177
765874
768486
768672
768704
768706
771875
858619
863638
867900
868595
868864
869729
871963
880070
880071
880072
885275
885276
887712
889513
903814
910348
926556
929506
929557
929562
935296
935298
935697
936153
937777
941968
945711
945712
984129
991791
996634
1001534
1005048
1027843
1027844
1027845
1027846
1028307
1033813
1034807
1041826
1042156
1042878
1045856
1048689
1050219
1050221
1071753
1071754
1071756
1071757
1071758
1071759
1071760
1071761
1071762
1071763
1071764
1071765
1071766
1071767
1071768
1071769
1071770
1071771
1071772
1071773
1071774
1071775
1071776
1071777
1071778
1071779
1071780
1071781
1071782
1071783
1072459
1074485
1075085
1075086
1087448
1087451
1087452
1087453
1087454
1089446
1094466
1104325
1104326
1110693
1117942
1121335
1121335
1121451
1128398
1131462
1133852
1133853
1134782
1138308
1144275
1147129
1161911
1163389
1163730
1168865
1173020
1173022
1206105
1211025
1218176
1218353
1218354
1218355
1218356
1218357
1218358
1221877
1261557
210
1773
65093
71421
79929
85962
85962
85963
102608
106370
111781
164756
164757
182217
187303
187420
188937
189518
189918
190192
190304
192952
203120
204773
205914
216594
221988
225937
228400
228405
233412
235279
235909
243231
243232
243233
243243
246196
246196
251221
257314
259564
262316
262727
262728
264732
265311
265669
266835
266940
267377
267671
269797
269799
272568
272568
272569
272620
272621
272622
272624
272630
278137
281090
281310
283942
290400
290633
290847
297245
297246
298653
298654
304371
309800
313603
314315
316067
316274
321956
321967
323259
334390
337191
339860
342108
349124
349307
349519
349521
350054
351160
351348
351605
353496
355276
355277
355278
357544
362948
363253
368407
373903
374930
374931
375286
378753
379066
380749
382638
386043
387344
390333
391165
393126
393127
393130
393133
394221
395494
395495
395965
398767
399549
400668
400673
402880
404380
405566
406327
410289
410358
411154
415426
416348
416870
419610
419665
420246
420247
420662
420889
420890
423212
426117
426355
426368
440085
441620
443143
443144
443149
443254
444158
444177
452652
453591
456442
456481
458233
459424
460265
465515
469382
471856
478801
479435
481448
484021
485914
487521
491952
498216
498761
502025
504728
504728
507522
511437
512562
519442
521011
521045
523791
523794
523841
523846
525284
526225
526226
536019
543526
543734
544556
547558
548479
550542
552536
553190
555778
557433
557436
557598
557723
561007
561275
561304
562970
563041
568703
568703
568704
568819
570508
572418
572479
572544
573063
573064
573825
575540
579137
581103
582402
582744
582899
583345
583356
585535
585538
592205
593750
608538
608538
633699
634177
634497
634498
634956
637381
637913
640131
643867
644042
644281
644283
644295
647113
648999
649349
653938
656519
657308
660470
661367
661410
663917
666681
679897
679901
679926
682795
683837
684738
691437
693745
695560
695562
697281
710421
710685
710686
710696
712938
712961
714313
717522
717774
743718
746361
748449
748671
749219
754035
754476
754477
757424
759362
760142
760192
762051
762550
765698
765962
765963
765964
767434
767455
767462
768066
794851
795797
797210
797302
856793
857087
862964
862965
863767
866344
866345
866346
866630
866895
867904
868131
868132
869210
869727
875328
879088
879089
879090
880591
880633
880724
882020
882094
882095
882096
882097
886377
887061
889932
891391
907237
907238
907239
907240
909954
929102
933093
935897
936155
940190
945713
979556
979982
983544
983545
983548
985080
985081
990316
998820
999378
1002804
1005058
1006006
1006551
1009464
1030009
1032480
1033837
1041930
1046624
1048245
1048260
1055527
1055528
1055529
1055530
1055531
1055532
1069534
1085623
1088720
1094980
1107880
1110509
1111068
1111678
1112204
1125630
1126011
1127122
1138382
1138383
1144889
1162668
1163739
1163740
1163741
1163742
1163743
1163748
1168287
1172562
1173025
1173026
1173027
1191061
1191523
1193292
1198627
1201294
1205674
1205675
1205676
1205677
1206745
1215343
1224746
1229756
1229758
1230340
1232724
1233873
1234142
1234365
1234600
28072
56110
59919
59920
59922
63737
70601
74546
74547
76869
82654
83332
83332
93059
93060
96563
99287
101510
103690
105559
118163
122587
123214
146891
160488
167539
167542
167546
167555
178306
179408
196162
203122
203123
205918
205922
208963
208964
213810
216595
216596
216597
218491
218493
220664
221109
222891
228908
231023
234621
234831
242231
242619
243272
243273
246197
246198
246200
247156
257363
259536
261292
262719
262722
262723
262768
263820
264198
264730
264731
266117
267608
267747
267748
269796
272633
272634
272831
272843
272942
272943
272944
278197
279238
288705
290512
292414
293613
293614
295319
295358
296591
309807
312153
313595
313596
313598
314260
316055
316056
316057
316058
317936
318586
321314
323097
323261
323848
324057
324925
326442
335284
336407
336982
338963
338966
338969
340047
340102
342610
342949
347255
347257
347834
348780
349101
349102
349106
349520
350058
351746
357804
357808
362242
365044
365046
369723
370438
373994
374833
375451
379731
381666
381754
383372
383629
384616
384676
387092
390235
391037
391595
391619
391896
392021
395491
395492
395960
399739
402626
402881
403833
405948
406552
410359
414684
416276
419947
423368
428406
434131
435591
436113
436113
436308
439375
439843
439851
443150
444157
446468
446469
449216
450851
452637
452638
452659
454166
454169
457570
471857
472759
476213
478433
478434
478435
479431
481009
481743
483219
485917
489653
491916
496833
504832
504832
511062
512564
518766
521674
526218
529507
529709
530564
546271
547559
550537
550538
553174
553199
553480
554290
557722
557760
561230
561231
562019
572263
584721
585394
588858
592029
592316
598659
604162
630588
632772
633147
637387
640132
644801
648757
652103
652616
652620
662598
662945
662946
662947
663918
670487
675635
680646
685727
693978
693978
694427
694429
694430
697329
698757
698761
700598
701521
702113
706191
707235
708248
708616
709991
710127
710128
712898
718255
722438
741091
743720
743721
743965
745277
748280
749222
754252
756272
761193
761659
762570
762903
762948
765952
767029
767031
768700
797303
797304
859194
859655
859656
862259
866629
872331
879243
880447
886882
907287
908937
909420
909946
909952
911045
926562
927704
931281
932677
935588
935589
935591
935593
935599
936139
941193
941638
941640
942513
956483
983917
984262
985665
990282
991905
992186
992406
994484
996285
997761
1001585
1003201
1003202
1007105
1008297
1016998
1030843
1031709
1031710
1031711
1032845
1036673
1036743
1037911
1042876
1045004
1045855
1052684
1075089
1081093
1082931
1089456
1091045
1091500
1091501
1093787
1095774
1097669
1104324
1105094
1105095
1105096
1105097
1105098
1105099
1105100
1105101
1105102
1105103
1105104
1105105
1105107
1105108
1105109
1105110
1105112
1105113
1105114
1111676
1112856
1114966
1114967
1114969
1114970
1116391
1118964
1123519
1129369
1132496
1132507
1133849
1142394
1151116
1157951
1159197
1159198
1159199
1159200
1159201
1159202
1159203
1159204
1160717
1166016
1171373
1179773
1183377
1185654
1196325
1196835
1197325
1205910
1207075
1215088
1218933
1228997
1234380
1246955
1271752
1278073
394
1140
1148
1148
1148
1148
1280
32049
32051
36870
56780
60480
60481
64471
69014
75379
78245
85643
93061
93062
94122
110662
111780
126740
150340
158189
158190
158878
158879
160491
163003
163164
170187
171101
176279
176280
186103
189423
190485
190486
193567
195253
196600
196620
197221
198215
198466
203124
203267
203275
204536
205921
208435
210007
216895
218494
218495
223926
225849
227882
243274
243274
243275
243276
243276
243277
246969
262724
263358
266834
269084
269800
273036
273057
273063
273068
273116
273119
279808
282458
282459
286636
289376
292415
292459
292805
300852
309801
309803
312309
314565
316273
316278
316279
317025
317655
318161
318167
319224
319701
321327
321332
322159
323850
326297
326298
330779
331113
335541
335543
340099
343509
345073
345073
347253
351745
359786
359787
365659
366394
368408
370551
370552
370553
370554
373153
377629
378806
380358
387093
388396
388919
390874
391008
391009
391295
391296
391623
391735
392499
392500
396513
396588
396595
398579
399550
399599
399726
399741
399804
401053
402882
407976
416591
418127
419942
423211
425104
425944
426114
426118
426430
427317
427318
429572
435998
436114
439386
446470
448385
451516
452662
455434
455434
455632
458817
469371
471852
471855
471876
479432
479434
479436
484019
486410
487213
487214
487215
488221
488222
488223
491078
491079
491080
491081
504472
505682
509169
509193
511691
512566
516950
519441
521096
522373
523796
523850
525381
525898
525903
525904
543728
545694
545695
545776
546342
548473
552526
555079
555311
561276
563040
565575
568813
568814
572478
573062
573413
574093
575788
579112
580327
580331
580332
580340
583358
590168
591019
591167
591365
593117
593588
595494
595537
604354
627192
630626
633148
635013
637905
637909
638303
639283
643648
644966
648996
649638
651822
653045
663951
663954
665571
666714
667014
679936
680198
681288
685039
686990
688269
690566
693973
693974
693982
697303
698737
698936
698948
703339
707241
709032
716544
717605
717773
743525
743722
743973
744872
749414
751945
759913
760011
760154
760570
762633
765912
767463
768490
768492
768493
768679
795359
798128
798300
858215
862751
865938
868597
869209
869211
869212
869215
869216
869269
869303
869304
869306
869307
869309
869816
882102
886293
889378
889933
903510
906968
914127
914149
927666
929556
930943
930945
935297
936154
937773
937774
945704
953739
981368
981539
981540
984892
985002
985006
985053
990315
990317
993512
999630
1002809
1003195
1003195
1004951
1004952
1005041
1005042
1006543
1008459
1010840
1028799
1034809
1042877
1045854
1051072
1051074
1051632
1054460
1069533
1074252
1080229
1080229
1089553
1094508
1110502
1111069
1114965
1116231
1116375
1117647
1118959
1123523
1130804
1133850
1134456
1142511
1155084
1163399
1173263
1184251
1184252
1187956
1194526
1198676
1203670
1207470
1209989
1209989
1211705
1214101
1229492
1230587
1231389
1235829
1249634
1255043
63186
83406
160492
183190
245012
245014
245018
264203
273123
291331
349747
377628
383407
393305
405440
405441
406817
446471
502800
502801
555217
579138
593907
622759
627344
655815
717960
744985
756883
788929
859653
930944
994476
2898
3694
3702
3847
3880
4081
4565
5807
5872
6183
6238
6239
7070
7227
7240
7244
7245
7425
7460
7719
7955
9483
9541
9544
9606
9615
9913
10090
10116
15368
29760
31033
36329
37012
39946
39947
46245
55529
126793
214684
227086
227321
229533
235443
242507
283643
284590
284591
284592
284593
284811
284812
284813
294748
330879
367775
464988
559292
559295
559307
572307
573826
644223
679716
764097
764099
764100
764102
876142
907965
931890
981350
999809
999953
1064592
1071378
1071380
1071381
1071382
1071383
1076872
1136231
1160507
1178016
10320
10385
10464
10497
10497
10570
10629
10685
10717
10724
10756
10778
10815
10817
10838
10839
10876
11099
11128
11215
11246
11303
11788
11864
11867
11901
11946
11958
12037
12038
12040
12041
12042
12142
12161
12175
12196
12197
12260
12271
12285
12286
12301
12302
12319
12321
12327
12345
12455
12465
12466
12585
28274
28314
28347
31507
31508
31602
31721
31722
35244
35286
35304
35350
38170
38525
39681
40050
40051
43240
43761
44560
45218
45661
46014
46015
46350
46436
46607
50290
50817
54315
57119
57477
57579
59305
64280
64290
65743
66797
69577
70566
71972
72149
72750
75387
75888
76343
76875
77763
77856
82300
85106
85454
85618
90961
92395
92444
93465
99179
99930
101688
101764
104388
114921
115987
120168
129727
131082
133789
134632
144752
145579
148879
154784
156690
157619
161494
169687
170617
172148
172220
172296
180504
185218
185639
185750
186156
186371
188333
190811
191547
192848
194699
194965
196375
202567
202812
202813
207343
208013
209529
211977
212035
219704
220638
222079
224399
224578
227470
228579
228580
228581
233894
236750
242861
244310
255131
256548
260149
260373
263892
267970
271108
279006
279280
279303
279530
281492
284687
284689
288456
294382
298650
307240
307461
307677
311176
312275
315953
316106
316983
317027
321023
322019
328670
328671
328672
328806
329288
332032
333766
335103
335797
337826
338473
339420
340054
341053
345922
346881
346882
346883
346884
347962
347966
348137
348296
352882
354328
358764
359961
367301
368735
373398
374077
389230
391228
393598
393767
393768
396034
402399
402584
404196
405558
416419
417280
425009
425010
430710
431891
431892
431893
431894
433357
436447
437329
438782
443876
443878
444193
445435
446807
447606
452758
458639
463392
467481
479058
483537
487311
491893
497862
500654
502105
502108
509923
512792
513550
536081
542343
546552
552525
556524
557289
565140
565995
568715
582400
587620
591160
635076
640862
644524
645687
665102
667093
683172
686983
693066
693629
694015
696069
714310
727962
727977
743035
759938
760732
760939
762660
764561
764562
764595
857312
864596
864686
879628
879630
880159
908010
908028
908072
910473
910474
910475
912033
912035
915293
932071
936005
941058
1001533
1002273
1006583
1016852
1016853
1016854
1016855
1016856
1016857
1027880
1033976
1033976
1035662
1043184
1046403
1046572
1046573
1049283
1072517
1074863
1074864
1074865
1087068
1094249
1105171
1112770
1124578
1126950
1127514
1127515
1131485
1132026
1133022
1133292
1133293
1133751
1136534
1136535
1136731
1141132
1141133
1158203
1161901
1161931
1168547
1175505
1177630
1185359
1187128
1194641
1195073
1195163
1198013
1198014
1204516
1204533
1206566
1211388
1216472
1221835
1223302
1225644
1227354
1233320
1236391
1236573
1239452
1239452
1246650
1260769
1273713
10243
10317
10484
10564
10640
10641
10653
10730
10788
10820
11021
11053
11060
11069
11070
11096
11232
11272
11593
11595
11660
11986
12104
12143
12144
12151
12162
12165
12177
12178
12198
12199
12235
12303
12305
12336
12474
12506
12615
12618
12627
12639
12643
28358
31559
31658
31711
33706
35254
37124
37126
37127
37131
37554
38062
38767
39046
39443
39640
40281
40979
42882
44088
47736
47838
50292
51330
52280
52996
53010
56486
59376
62079
64283
65467
66200
67571
67761
67962
68033
70823
71030
73561
74660
83544
91613
91753
94700
101570
105154
106331
106962
111470
112227
126070
128818
129141
129143
131226
134386
134681
137475
137758
142661
146499
148880
155414
160484
163325
165432
169690
172278
173976
174178
175814
180230
180586
180822
185638
186769
189515
190239
190478
191217
192021
192022
192023
192452
196242
198112
202566
207697
208899
208973
210827
213888
216614
220618
222450
222459
222464
223252
223259
223262
223275
225067
228582
235434
240555
243550
243560
245101
262071
272751
283675
292208
292627
292792
293284
300879
304222
305674
305676
305677
306025
307110
307111
312008
312295
313629
317858
317878
320432
324685
326811
328430
329639
329853
333968
336959
338903
341167
347219
349563
360397
361731
364745
380669
384848
388038
390436
390438
390844
393599
403897
404404
411248
417288
421976
432198
432200
432201
444876
445692
445693
453454
459770
463360
464980
470214
479060
485241
485242
491003
497865
498805
499556
520973
532074
532075
532076
541865
547467
549205
558690
559189
559878
561576
573993
595895
620894
629725
631267
640136
642251
642252
642253
642254
642255
642256
642257
642258
642259
642260
656190
658401
658401
658422
661505
663282
665032
666144
666146
666363
666859
669008
671095
673376
674980
674982
679536
686439
688701
693272
709484
713089
713091
713092
715223
749413
754441
765765
767473
858517
864178
871584
881945
887825
887827
889510
889813
908137
915486
934027
942016
942033
942034
942035
942037
944969
984175
984186
985683
996650
996651
1001263
1006061
1016879
1032362
1041929
1042122
1042123
1048668
1052121
1073767
1081055
1087108
1087109
1091052
1091166
1108949
1110702
1120751
1123958
1128071
1128119
1129032
1131483
1137745
1141135
1141136
1141137
1141138
1147137
1147142
1147143
1147144
1147145
1147146
1147147
1147148
1150860
1150990
1159902
1162083
1162295
1162304
1162305
1162306
1168280
1176422
1187894
1190451
1194757
1196237
1196647
1197951
1198144
1198147
1204534
1204535
1204537
1206300
1206313
1207926
1211640
1223561
1227356
1227357
1229752
1231298
1231903
1234888
1236047
1236392
1236767
1237364
1239384
1244856
1247115
1247116
1249648
1249649
1264700
1264737
1273087
1276181
1276187
1307957
10298
10310
10326
10334
10335
10359
10372
10376
10386
10390
10406
10407
10468
10515
10519
10522
10566
10626
10658
10665
10677
10678
10679
10693
10710
10726
10752
10754
10759
10760
10760
10799
10845
10849
10867
10868
10870
11024
11047
11103
11135
11137
11599
11665
11673
11676
11709
11768
11795
11840
11885
11908
11909
11978
12064
12092
12118
12152
12179
12273
12274
12287
12353
12355
12407
12431
12433
12458
12461
12475
28285
28300
29250
29255
31631
33745
33756
33771
35250
35288
35289
37206
37296
38142
38251
39113
39420
39803
40271
40537
40631
45219
45220
45237
45406
46448
47000
47740
47900
47985
48544
50948
51313
53181
53182
54290
55744
55884
55951
57482
57483
59300
59817
60714
62352
63330
64003
70177
70600
71032
72197
75747
77811
81583
81877
84739
93830
97081
99585
103807
104263
106966
108098
108098
109270
115991
128710
129951
130308
130310
130310
136187
138948
138949
138950
142843
143921
146032
148363
150284
150285
152217
157239
157270
162145
164750
166056
167634
180587
185955
186637
187764
190063
190065
191436
194397
194948
194966
196400
196690
197310
198612
203168
204269
204987
208084
208491
214439
217615
221029
221037
221054
222645
223769
230158
233784
239365
240865
245685
255238
260797
263793
264076
267407
270117
277944
279538
279539
279540
283824
290028
291590
293178
294631
307467
318279
319522
326574
329381
329641
329852
331975
335204
335963
337828
343516
344021
344022
349564
355246
356114
359812
365048
367121
374005
379529
390443
399183
400121
400122
400677
409486
411854
414970
418443
419435
421010
421012
432587
435486
435488
442493
447603
448384
451705
483266
485362
489779
489830
490103
496807
509531
509532
511755
511969
515444
516956
526413
544686
548908
557393
559170
564886
566972
573977
576789
576790
576791
578305
592206
598494
624134
627087
627439
630199
634168
638313
638358
645161
651580
656025
656026
656028
663241
665033
666147
673832
673835
673837
673839
675833
676234
682382
687917
687918
697227
700939
710112
746832
748170
748667
767806
797418
882768
906668
906669
915425
915428
925983
925984
925986
926589
943272
944994
947843
977927
981323
988776
1003891
1027232
1029988
1030595
1034096
1041524
1045778
1050407
1051673
1051675
1051676
1051792
1054461
1054480
1054834
1077152
1088890
1090133
1100814
1100890
1108810
1109710
1112008
1124654
1124655
1127767
1131315
1131317
1141139
1141140
1141141
1141519
1147094
1147149
1147150
1147151
1147152
1147153
1147154
1147155
1147156
1147157
1147158
1150353
1150869
1154689
1154995
1156719
1156720
1156721
1156722
1163715
1173135
1173297
1174530
1177191
1191100
1200970
1200971
1204178
1208236
1214955
1216926
1218727
1221437
1223562
1225803
1225804
1229753
1233675
1235428
1235429
1235640
1235996
1237159
1249676
1262527
1262528
1263294
1286619
1307800
1330520
10280
10325
10366
10449
10568
10589
10600
10616
10617
10620
10623
10632
10794
10798
10821
10995
11002
11048
11072
11085
11086
11120
11142
11144
11161
11212
11216
11234
11250
11269
11290
11520
11577
11612
11619
11620
11623
11628
11746
11757
11801
11809
11855
11987
12131
12138
12158
12173
12194
12202
12203
12348
12390
12417
12470
12538
12730
12742
28288
28311
28369
31503
31537
31600
31713
31754
32612
32624
33708
33726
35339
35340
35345
36343
37105
37108
37325
38766
39116
40521
40522
40523
42004
43140
43685
44024
44561
45221
45224
45455
47049
47929
51354
51369
55096
55097
55987
58103
59563
64287
64300
64311
64312
77344
77813
79600
79917
83191
89471
93838
104580
104664
111792
111970
112228
114416
122291
130760
132477
137556
139870
139871
139872
145856
146269
148603
151535
151536
151537
151539
152219
154122
154339
167947
169865
172314
173824
176652
180399
185954
194445
200255
204440
205868
205869
205870
205872
205875
205876
205877
205880
207240
207830
208086
209854
211044
213769
213775
217686
218387
218849
221036
222475
222557
223282
223284
223287
223997
229149
232802
235201
241630
246280
247269
249583
255431
256729
257468
260121
260684
265522
269213
271257
274495
279281
289365
290008
290030
292626
294365
298338
300175
300180
300411
300740
301865
310539
311413
318836
322067
325111
325113
329290
330396
330397
330398
330399
333045
333760
333762
333763
333764
333765
333769
333923
334425
335341
337054
338323
338478
339965
340435
340921
344970
344971
345201
348823
360579
360580
363555
368736
373403
373404
373405
373406
373407
375546
377461
377462
377463
377610
377611
382685
388452
390437
390440
392174
392505
419697
423445
439014
439015
439016
441999
445227
446529
446549
447171
447598
447600
447605
471285
471717
475178
478550
480808
487492
488241
488255
493803
494269
496874
503388
508419
508750
515320
515982
523909
524023
526118
528321
532077
538123
540064
540065
540066
543876
545259
546182
546803
551895
560178
561996
561997
561998
563119
563121
563124
563180
565537
570832
572289
573199
573900
576712
576714
578234
632112
641487
642478
642493
644609
649188
649688
653358
659660
663554
670251
674081
674082
685506
694001
694581
707757
712037
714309
741733
745177
762905
762906
764348
861044
861045
870465
880161
881953
883876
909330
909333
911574
913970
915424
915426
915427
931209
931210
931972
932662
941969
941970
943908
945962
947980
947981
993034
999883
1027947
1034125
1055684
1070408
1070409
1070410
1070413
1070417
1074210
1074213
1093773
1094892
1104174
1129033
1129034
1129035
1129147
1129191
1134579
1141625
1159903
1161930
1167696
1176423
1182518
1203539
1213406
1225643
1225794
1225800
1235314
1236000
1236398
1238162
1239565
1239574
1239577
1261657
1273090
1307954
1307956
10258
10273
10398
10506
10708
10796
10826
10827
10871
10872
10879
11083
11146
11207
11630
11663
11983
12023
12024
12045
12153
12166
12167
12169
12180
12181
12182
12183
12204
12205
12208
12209
12211
12215
12216
12238
12239
12294
12313
12542
12777
28295
28344
28354
31535
31604
31732
31750
31757
33724
33760
33773
35238
35281
35291
35343
35593
36355
36403
37128
37733
41171
42005
42764
43130
44562
45103
45222
46021
46917
47669
49891
49964
53179
53260
56879
59302
64292
64958
69576
70822
72539
73149
75590
83839
85708
88387
88388
88389
88870
96892
98383
100880
103782
103881
106333
111874
112229
113553
114777
118140
118655
120086
121791
129726
133704
134554
138982
139034
139270
151599
152177
154834
159153
159252
160844
161736
163654
167019
167021
169683
169693
170621
180903
182788
183585
185636
187978
188350
188763
189836
192584
193120
193121
195060
197112
197783
198110
198597
199361
204270
204507
205874
205879
210016
213236
216371
218667
221262
223301
223303
223305
223307
227137
229634
252584
253702
255066
255587
260120
260378
262177
268746
268746
268747
268748
268748
270473
270673
271479
273133
279383
280701
280702
282786
292477
295090
296210
310750
311229
312009
312274
312349
318846
325676
327280
329164
331642
333348
340907
342564
349681
352248
356862
363716
367682
373408
373409
373410
373411
373412
373413
373414
373415
376758
379891
379892
380160
380598
386792
386793
389469
394036
397353
399781
400567
401040
410826
430911
435298
436066
436242
439809
440250
444861
444862
444878
445688
445696
445700
447599
454128
457382
462590
471498
475777
475879
476523
479713
484895
484896
489089
489089
490711
496396
497863
504346
504501
504553
505291
505292
512088
518829
519015
519016
540067
540068
543152
543153
546183
546184
546185
546805
546806
546807
546808
549445
549446
554667
555603
561999
563122
563123
563775
569195
581037
582345
582382
590647
591487
593131
619599
626962
627480
638786
640897
642926
644610
648801
655097
655098
663557
671126
674983
675077
685892
685899
693582
694008
696472
707546
714640
720569
743026
743813
746830
746831
749447
756759
757342
763998
861047
877240
880162
881915
884612
908124
908127
908277
909827
912034
912320
913600
928289
938131
943335
988656
994601
1002921
1032457
1046402
1072672
1084715
1084717
1100790
1108070
1109711
1114942
1116482
1124849
1127516
1128118
1129145
1131622
1131702
1136133
1158680
1159904
1159905
1161903
1161927
1168478
1168479
1175504
1183241
1188812
1196236
1204517
1204539
1217810
1220025
1221208
1223259
1223260
1223261
1223262
1229782
1229784
1229786
1229787
1229788
1229789
1229790
1229791
1229792
1229793
1229794
1231387
1234809
1235559
1235689
1236399
1236401
1236402
1236403
1236407
1249467
1254425
1256869
1276184
1276185
1288829
10353
10381
10454
10455
10633
10651
10654
10704
10747
10761
10829
10854
10855
10986
10990
10991
11008
11029
11033
11034
11041
11080
11191
11228
11242
11292
11307
11588
11604
11608
11636
11642
11723
11834
11856
11886
11976
12049
12139
12187
12222
12262
12263
12267
12331
12360
12402
12450
12451
12558
12809
12814
28265
28351
28375
28875
31744
31770
32619
33747
33748
35287
35306
36427
37705
38143
38420
39101
40270
42475
42478
42680
43763
44026
45709
46242
46618
47903
51034
51680
52274
53369
55511
59241
59380
59506
62059
63723
64285
66266
66834
73497
73498
75914
84589
85154
89463
89623
90410
92652
93224
100887
103603
104581
106284
112023
113370
117198
119910
120574
130478
134392
147711
155148
159141
159150
161378
167161
169766
173443
175950
179237
185637
185959
186152
186153
186539
186772
188141
189830
191289
191460
195062
196398
198599
204086
204090
206160
215158
215167
221915
222474
223316
223321
223324
227507
228897
230871
234601
235994
243563
247080
252602
253700
259898
259901
259931
262968
269275
269277
270342
289366
289367
290314
291175
291270
292029
293644
294369
303317
306323
310103
310540
312273
320831
320832
320834
320835
320836
320837
320839
320840
320841
320842
320843
320844
320845
320846
320847
320848
320849
320850
326036
326037
326489
326941
328061
329864
334856
335187
337823
337824
337825
348058
348449
349370
351495
359919
360398
367850
371401
372457
373126
373862
378833
379501
379728
384359
384360
387909
389214
390439
390441
393034
397544
398839
399185
403905
406340
408719
420255
420684
424716
424944
425279
425386
430796
434309
435646
436911
439491
445515
445516
445517
447597
447601
447602
452475
455649
457286
458132
459845
463676
470865
471728
474454
482058
486809
487152
490912
492502
502102
519497
520962
529929
543939
551790
562742
566270
573591
575608
575610
575913
576948
578361
580254
585059
587370
590403
590739
591166
631345
633135
637730
645664
646413
648017
651733
658904
659497
662596
664730
664785
668618
673375
682370
683179
688699
691961
693998
693999
694006
696863
714308
714583
723802
755305
759390
760530
761701
761702
859651
867696
871521
872294
873160
874267
878260
884200
886980
889338
907191
926543
929766
929769
929814
932069
932070
935473
936152
945225
948669
977913
991022
995022
997821
1000373
1002724
1002725
1002918
1003835
1004049
1010614
1046571
1048434
1054968
1074325
1080798
1080800
1089138
1093958
1105286
1108865
1109712
1109713
1109714
1109715
1109716
1109717
1109721
1111710
1114179
1115478
1118063
1123754
1125653
1127357
1129146
1131316
1141134
1141525
1141526
1147043
1147044
1147140
1150991
1150992
1159906
1160968
1161935
1163482
1168548
1168549
1168612
1168613
1177632
1181310
1183239
1197952
1197953
1204528
1204543
1213588
1217821
1221206
1221449
1231048
1234701
1239382
1239383
1241933
1243178
1262513
1266977
1266993
1266994
1266995
1273092
1277649
1302849
1302850
10245
10255
10345
10397
10689
10702
10719
10732
10830
10831
10832
10835
10836
11036
11084
11149
11149
11152
11277
11613
11988
12055
12056
12145
12154
12224
12227
12228
12230
12241
12242
12253
12275
12282
12295
12315
12317
12435
12472
12473
12844
12881
28348
28350
28871
28882
29272
33765
35297
37133
43764
45223
46619
49267
52135
53954
55216
64186
64286
64293
67754
70203
70734
70793
71186
73422
78395
81931
83201
85752
86502
92129
92963
93678
94290
96054
99000
100755
101850
123735
127507
127508
127509
127511
129732
131083
134606
141904
142102
151043
157898
157899
157924
158463
161675
162013
164037
167132
167927
169691
170965
172391
173707
178354
180526
180816
181604
184020
185793
186540
186541
192203
194802
194949
196093
197772
205323
207597
208177
211866
218845
218923
219299
219596
219744
220608
220812
220932
223332
223337
223342
223344
223345
223346
223347
223352
223358
223524
225588
229636
232800
234829
238854
240492
240557
240558
240559
244589
244590
246343
248496
256994
260379
260908
260909
261726
262967
263001
263004
263578
266799
269145
270140
270146
274584
278069
285013
291589
292443
292639
297249
299200
302100
303300
309390
312062
315392
318558
318844
328615
332054
341685
341711
354090
362398
362399
365523
366686
367061
370623
370833
377609
379329
382359
390442
391090
392504
392761
395349
400835
407392
409287
413066
423476
425303
427315
436243
438482
444859
444860
445683
445684
445685
445686
446138
447325
447604
453050
459290
459291
460926
461322
466051
466052
469660
470166
478812
486898
490913
493906
501328
507474
507475
507476
520848
526476
536084
536086
537874
538004
548915
551531
555387
559180
563769
565052
572290
574890
575917
575918
579113
604276
614033
614034
634441
641832
642111
644007
644563
646010
646442
647294
649996
652717
652718
661101
664980
666635
667119
668994
674954
681518
687341
687346
687347
687349
687351
687353
687354
687355
687365
687367
687370
687371
687372
687373
687374
687375
687376
687377
687380
687384
687385
687386
687387
688540
693627
693628
693897
694007
699370
700512
713949
743040
747763
753084
753085
754004
754038
756275
859650
862909
869724
869725
869726
871699
871700
871701
878329
885379
905054
905055
909297
926844
929051
930168
930881
936060
938276
939923
940846
941765
944580
946046
971271
979525
979533
979535
979781
981330
981335
983437
994672
995049
996311
999288
1026955
1027869
1037523
1072177
1072178
1079998
1079999
1081702
1105327
1115696
1123964
1127518
1129873
1144379
1150989
1162280
1163537
1168281
1176153
1176156
1188990
1195378
1204524
1204525
1204526
1210913
1213187
1214230
1218490
1229754
1229755
1231334
1239381
1245909
1250303
1255765
1260770
1307958
10561
10834
11039
11082
11082
11089
11287
11741
11884
12188
12232
31741
35269
35341
39720
43141
46919
51677
54289
59816
64294
64320
68347
75746
110457
111418
114871
132475
146073
146500
164416
169688
172667
186538
204873
220813
227720
227940
228578
232237
253701
306276
310749
318854
322855
329254
331278
331627
333919
369257
373193
375547
440266
470314
532078
538979
670252
998829
1076255
1129194
1159907
1159908
1161906
1167690
1174526
1188794
1188795
1206557
1206558
1206559